0 0.106250 0.945000 0.107500 0.094000 
0 0.137500 0.815000 0.110000 0.102000 
0 0.260000 0.761000 0.110000 0.086000 
0 0.152500 0.705000 0.120000 0.074000 
0 0.308750 0.247000 0.107500 0.082000 
0 0.213750 0.358000 0.092500 0.068000 
0 0.042500 0.334000 0.085000 0.084000 
0 0.045000 0.225000 0.090000 0.094000 
0 0.048750 0.139000 0.097500 0.098000 
0 0.161250 0.171000 0.127500 0.106000 
0 0.145000 0.266000 0.120000 0.096000 
0 0.217500 0.182000 0.095000 0.088000 
0 0.227500 0.267000 0.095000 0.078000 
0 0.165000 0.076000 0.115000 0.096000 
0 0.058750 0.033000 0.117500 0.066000 
