0 0.901000 0.618750 0.034000 0.037500 
0 0.936000 0.606250 0.036000 0.037500 
0 0.059000 0.968750 0.114000 0.062500 
0 0.193000 0.866250 0.174000 0.197500 
0 0.540000 0.975000 0.080000 0.050000 
0 0.522000 0.896250 0.100000 0.107500 
0 0.469000 0.942500 0.070000 0.095000 
0 0.487000 0.725000 0.070000 0.090000 
0 0.431000 0.797500 0.074000 0.100000 
0 0.454000 0.617500 0.080000 0.095000 
0 0.399000 0.697500 0.082000 0.090000 
0 0.105000 0.530000 0.058000 0.060000 
0 0.096000 0.471250 0.048000 0.047500 
0 0.084000 0.412500 0.044000 0.050000 
0 0.080000 0.372500 0.044000 0.050000 
0 0.522000 0.497500 0.048000 0.055000 
0 0.520000 0.435000 0.044000 0.050000 
0 0.490000 0.478750 0.044000 0.047500 
0 0.426000 0.505000 0.084000 0.095000 
0 0.353000 0.466250 0.110000 0.117500 
0 0.466000 0.421250 0.052000 0.052500 
0 0.494000 0.346250 0.040000 0.052500 
0 0.503000 0.385000 0.046000 0.035000 
0 0.360000 0.291250 0.132000 0.172500 
0 0.231000 0.232500 0.134000 0.155000 
0 0.320000 0.128750 0.148000 0.157500 
0 0.145000 0.082500 0.146000 0.140000 
0 0.067000 0.183750 0.074000 0.092500 
0 0.688000 0.640000 0.032000 0.040000 
0 0.676000 0.598750 0.040000 0.052500 
0 0.655000 0.555000 0.042000 0.060000 
0 0.904000 0.577500 0.040000 0.035000 
0 0.936000 0.560000 0.040000 0.055000 
0 0.901000 0.541250 0.034000 0.032500 
0 0.896000 0.491250 0.036000 0.042500 
0 0.799000 0.467500 0.046000 0.060000 
0 0.794000 0.412500 0.052000 0.060000 
0 0.826000 0.361250 0.044000 0.047500 
0 0.778000 0.335000 0.052000 0.055000 
0 0.822000 0.303750 0.044000 0.052500 
0 0.777000 0.285000 0.058000 0.065000 
0 0.683000 0.498750 0.050000 0.047500 
0 0.676000 0.450000 0.040000 0.035000 
0 0.701000 0.400000 0.042000 0.050000 
0 0.664000 0.400000 0.040000 0.050000 
0 0.579000 0.298750 0.030000 0.037500 
0 0.565000 0.272500 0.030000 0.025000 
0 0.556000 0.240000 0.024000 0.025000 
0 0.550000 0.198750 0.036000 0.042500 
0 0.548000 0.153750 0.044000 0.042500 
0 0.994000 0.542500 0.012000 0.050000 
0 0.990000 0.588750 0.020000 0.057500 
