0 0.282000 0.040000 0.064000 0.070000 
0 0.264000 0.107500 0.056000 0.060000 
0 0.305000 0.150000 0.046000 0.065000 
0 0.319000 0.086250 0.042000 0.057500 
0 0.415000 0.056250 0.150000 0.112500 
0 0.460000 0.118750 0.132000 0.167500 
0 0.383000 0.237500 0.150000 0.170000 
0 0.452000 0.328750 0.152000 0.147500 
0 0.367000 0.448750 0.150000 0.167500 
0 0.429000 0.501250 0.142000 0.162500 
0 0.354000 0.652500 0.132000 0.170000 
0 0.538000 0.230000 0.044000 0.050000 
0 0.537000 0.286250 0.042000 0.047500 
0 0.663000 0.388750 0.094000 0.102500 
0 0.758000 0.345000 0.092000 0.110000 
0 0.700000 0.245000 0.092000 0.105000 
0 0.728000 0.127500 0.088000 0.100000 
0 0.814000 0.218750 0.100000 0.112500 
0 0.742000 0.058750 0.056000 0.062500 
0 0.853000 0.073750 0.102000 0.102500 
0 0.671000 0.011250 0.050000 0.022500 
0 0.737000 0.552500 0.086000 0.105000 
0 0.799000 0.577500 0.066000 0.090000 
0 0.739000 0.656250 0.094000 0.112500 
0 0.799000 0.703750 0.086000 0.107500 
0 0.735000 0.781250 0.090000 0.112500 
0 0.779000 0.821250 0.078000 0.102500 
0 0.716000 0.887500 0.092000 0.105000 
0 0.728000 0.970000 0.096000 0.060000 
0 0.767000 0.921250 0.078000 0.102500 
