0 0.279000 0.968750 0.158000 0.062500 
0 0.249000 0.858750 0.126000 0.142500 
0 0.152000 0.856250 0.120000 0.152500 
0 0.361000 0.800000 0.122000 0.170000 
0 0.448000 0.685000 0.124000 0.150000 
0 0.423000 0.543750 0.138000 0.167500 
0 0.298000 0.647500 0.132000 0.185000 
0 0.378000 0.313750 0.164000 0.197500 
0 0.264000 0.428750 0.148000 0.187500 
0 0.164000 0.205000 0.160000 0.190000 
0 0.303000 0.068750 0.154000 0.137500 
0 0.850000 0.695000 0.068000 0.085000 
0 0.830000 0.597500 0.080000 0.095000 
0 0.773000 0.635000 0.070000 0.090000 
0 0.796000 0.467500 0.088000 0.100000 
0 0.754000 0.530000 0.072000 0.090000 
0 0.764000 0.355000 0.088000 0.090000 
0 0.719000 0.400000 0.078000 0.080000 
0 0.730000 0.245000 0.108000 0.115000 
0 0.683000 0.292500 0.070000 0.085000 
