0 0.362500 0.806000 0.080000 0.064000 
0 0.373750 0.740000 0.087500 0.068000 
0 0.015000 0.741000 0.030000 0.046000 
0 0.646250 0.498000 0.087500 0.068000 
0 0.385000 0.624000 0.050000 0.048000 
0 0.383750 0.563000 0.062500 0.050000 
0 0.310000 0.545000 0.050000 0.042000 
0 0.517500 0.296000 0.080000 0.060000 
0 0.328750 0.354000 0.062500 0.040000 
0 0.205000 0.393000 0.030000 0.026000 
0 0.206250 0.366000 0.032500 0.024000 
0 0.191250 0.326000 0.037500 0.028000 
0 0.583750 0.229000 0.082500 0.058000 
0 0.502500 0.068000 0.060000 0.044000 
0 0.492500 0.024000 0.055000 0.044000 
0 0.631250 0.591000 0.057500 0.042000 
