0 0.846000 0.860000 0.176000 0.210000 
0 0.921000 0.946250 0.158000 0.107500 
0 0.921000 0.731250 0.158000 0.197500 
0 0.172000 0.965000 0.044000 0.045000 
0 0.147000 0.980000 0.038000 0.040000 
0 0.177000 0.916250 0.046000 0.052500 
0 0.151000 0.930000 0.038000 0.050000 
0 0.319000 0.933750 0.078000 0.092500 
0 0.260000 0.897500 0.080000 0.105000 
0 0.336000 0.842500 0.084000 0.095000 
0 0.281000 0.795000 0.082000 0.100000 
0 0.360000 0.732500 0.080000 0.105000 
0 0.308000 0.665000 0.084000 0.095000 
0 0.321000 0.537500 0.082000 0.100000 
0 0.120000 0.821250 0.040000 0.047500 
0 0.160000 0.795000 0.044000 0.045000 
0 0.123000 0.780000 0.038000 0.050000 
0 0.164000 0.745000 0.044000 0.055000 
0 0.127000 0.713750 0.046000 0.062500 
0 0.170000 0.687500 0.044000 0.050000 
0 0.139000 0.662500 0.054000 0.060000 
0 0.152000 0.610000 0.040000 0.055000 
0 0.199000 0.592500 0.046000 0.055000 
0 0.550000 0.900000 0.036000 0.045000 
0 0.551000 0.843750 0.042000 0.047500 
0 0.557000 0.793750 0.042000 0.057500 
0 0.601000 0.776250 0.038000 0.047500 
0 0.612000 0.718750 0.036000 0.052500 
0 0.622000 0.671250 0.040000 0.047500 
0 0.568000 0.731250 0.040000 0.047500 
0 0.582000 0.687500 0.040000 0.045000 
0 0.393000 0.568750 0.074000 0.097500 
0 0.467000 0.528750 0.034000 0.037500 
0 0.480000 0.503750 0.024000 0.032500 
0 0.485000 0.481250 0.026000 0.027500 
0 0.514000 0.466250 0.028000 0.027500 
0 0.504000 0.447500 0.020000 0.025000 
0 0.889000 0.515000 0.042000 0.045000 
0 0.881000 0.580000 0.034000 0.045000 
0 0.842000 0.508750 0.036000 0.047500 
0 0.134000 0.430000 0.044000 0.055000 
0 0.193000 0.327500 0.050000 0.060000 
0 0.691000 0.313750 0.046000 0.067500 
0 0.931000 0.076250 0.138000 0.142500 
