0 0.065000 0.928750 0.086000 0.097500 
0 0.093000 0.823750 0.058000 0.057500 
0 0.050000 0.728750 0.100000 0.117500 
0 0.120000 0.765000 0.060000 0.075000 
0 0.140000 0.688750 0.056000 0.067500 
0 0.694000 0.932500 0.044000 0.050000 
0 0.735000 0.916250 0.050000 0.057500 
0 0.695000 0.871250 0.058000 0.067500 
0 0.745000 0.820000 0.062000 0.060000 
0 0.696000 0.770000 0.056000 0.070000 
0 0.745000 0.717500 0.050000 0.055000 
0 0.683000 0.665000 0.058000 0.060000 
0 0.705000 0.603750 0.058000 0.057500 
0 0.723000 0.527500 0.070000 0.070000 
0 0.747000 0.566250 0.042000 0.047500 
0 0.775000 0.522500 0.038000 0.045000 
0 0.775000 0.488750 0.030000 0.032500 
0 0.335000 0.518750 0.066000 0.072500 
0 0.305000 0.377500 0.074000 0.075000 
0 0.356000 0.331250 0.068000 0.072500 
0 0.280000 0.611250 0.032000 0.037500 
0 0.254000 0.625000 0.032000 0.035000 
0 0.253000 0.581250 0.034000 0.037500 
0 0.159000 0.530000 0.038000 0.055000 
0 0.213000 0.530000 0.034000 0.040000 
0 0.235000 0.460000 0.030000 0.035000 
0 0.260000 0.485000 0.028000 0.035000 
0 0.190000 0.336250 0.040000 0.042500 
0 0.158000 0.355000 0.036000 0.040000 
0 0.153000 0.315000 0.038000 0.045000 
