0 0.733750 0.340000 0.152500 0.132000 
0 0.437500 0.348000 0.370000 0.288000 
0 0.248750 0.482000 0.282500 0.224000 
0 0.486250 0.678000 0.302500 0.216000 
0 0.777500 0.225000 0.050000 0.034000 
0 0.765000 0.188000 0.060000 0.040000 
0 0.766250 0.143000 0.052500 0.042000 
0 0.816250 0.125000 0.052500 0.046000 
0 0.830000 0.085000 0.070000 0.046000 
0 0.711250 0.131000 0.047500 0.034000 
0 0.700000 0.164000 0.045000 0.036000 
0 0.662500 0.112000 0.050000 0.044000 
0 0.345000 0.059000 0.040000 0.030000 
0 0.366250 0.068000 0.032500 0.028000 
0 0.343750 0.033000 0.047500 0.034000 
0 0.340000 0.016000 0.045000 0.028000 
0 0.032500 0.335000 0.065000 0.078000 
0 0.020000 0.284000 0.040000 0.052000 
0 0.036250 0.408000 0.072500 0.052000 
0 0.032500 0.433000 0.045000 0.030000 
0 0.077500 0.459000 0.080000 0.066000 
0 0.257500 0.275000 0.090000 0.070000 
