0 0.736250 0.660000 0.062500 0.048000 
0 0.696250 0.621000 0.072500 0.066000 
0 0.781250 0.621000 0.072500 0.050000 
0 0.828750 0.578000 0.057500 0.060000 
0 0.743750 0.572000 0.072500 0.048000 
0 0.787500 0.509000 0.065000 0.058000 
0 0.866250 0.514000 0.072500 0.060000 
0 0.820000 0.455000 0.085000 0.062000 
0 0.931250 0.370000 0.047500 0.048000 
0 0.867500 0.365000 0.060000 0.058000 
0 0.975000 0.316000 0.050000 0.056000 
0 0.910000 0.313000 0.065000 0.046000 
0 0.936250 0.262000 0.057500 0.052000 
0 0.987500 0.255000 0.025000 0.062000 
