0 0.480000 0.958750 0.096000 0.082500 
0 0.464000 0.853750 0.092000 0.107500 
0 0.557000 0.802500 0.098000 0.115000 
0 0.583000 0.901250 0.094000 0.107500 
0 0.450000 0.732500 0.104000 0.120000 
0 0.557000 0.677500 0.090000 0.100000 
0 0.209000 0.542500 0.042000 0.055000 
0 0.622000 0.355000 0.076000 0.100000 
0 0.660000 0.400000 0.044000 0.065000 
0 0.637000 0.203750 0.078000 0.092500 
0 0.660000 0.286250 0.052000 0.062500 
0 0.813000 0.196250 0.038000 0.042500 
0 0.821000 0.245000 0.046000 0.055000 
0 0.815000 0.288750 0.046000 0.047500 
0 0.815000 0.322500 0.038000 0.040000 
0 0.960000 0.205000 0.048000 0.050000 
0 0.947000 0.231250 0.046000 0.047500 
0 0.945000 0.272500 0.046000 0.050000 
0 0.936000 0.311250 0.040000 0.047500 
0 0.937000 0.350000 0.042000 0.050000 
0 0.935000 0.391250 0.050000 0.052500 
0 0.933000 0.425000 0.046000 0.045000 
