0 0.806250 0.032000 0.102500 0.064000 
0 0.833750 0.117000 0.107500 0.082000 
0 0.816250 0.222000 0.097500 0.068000 
0 0.787500 0.164000 0.100000 0.080000 
0 0.716250 0.058000 0.077500 0.076000 
0 0.678750 0.500000 0.142500 0.124000 
0 0.563750 0.564000 0.137500 0.116000 
0 0.608750 0.676000 0.152500 0.108000 
0 0.617500 0.792000 0.145000 0.104000 
0 0.630000 0.900000 0.145000 0.108000 
0 0.772500 0.819000 0.140000 0.110000 
0 0.777500 0.694000 0.095000 0.068000 
0 0.766250 0.633000 0.092500 0.066000 
