0 0.378000 0.970000 0.164000 0.060000 
0 0.164000 0.917500 0.160000 0.165000 
0 0.303000 0.768750 0.154000 0.187500 
0 0.119000 0.677500 0.150000 0.195000 
0 0.273000 0.532500 0.150000 0.175000 
0 0.730000 0.956250 0.108000 0.087500 
0 0.482000 0.462500 0.064000 0.080000 
0 0.276000 0.411250 0.032000 0.042500 
0 0.275000 0.351250 0.046000 0.057500 
0 0.239000 0.390000 0.046000 0.050000 
0 0.224000 0.336250 0.040000 0.047500 
0 0.264000 0.297500 0.044000 0.065000 
0 0.211000 0.266250 0.042000 0.042500 
0 0.378000 0.077500 0.128000 0.135000 
0 0.339000 0.183750 0.134000 0.147500 
0 0.263000 0.146250 0.114000 0.142500 
