0 0.864000 0.848750 0.224000 0.272500 
0 0.612000 0.648750 0.256000 0.297500 
0 0.491000 0.603750 0.066000 0.082500 
0 0.441000 0.536250 0.062000 0.092500 
0 0.503000 0.496250 0.078000 0.087500 
0 0.443000 0.430000 0.070000 0.080000 
0 0.505000 0.408750 0.078000 0.087500 
0 0.454000 0.346250 0.076000 0.092500 
0 0.865000 0.328750 0.042000 0.052500 
0 0.851000 0.283750 0.046000 0.057500 
0 0.877000 0.258750 0.046000 0.052500 
0 0.854000 0.207500 0.048000 0.060000 
0 0.873000 0.185000 0.050000 0.065000 
0 0.852000 0.143750 0.052000 0.052500 
0 0.860000 0.113750 0.048000 0.047500 
0 0.955000 0.096250 0.034000 0.042500 
0 0.855000 0.035000 0.050000 0.055000 
0 0.842000 0.068750 0.044000 0.052500 
0 0.887000 0.071250 0.038000 0.057500 
0 0.898000 0.022500 0.048000 0.040000 
0 0.819000 0.018750 0.046000 0.032500 
0 0.672000 0.148750 0.056000 0.062500 
0 0.639000 0.118750 0.050000 0.057500 
0 0.657000 0.966250 0.142000 0.067500 
