0 0.212500 0.949000 0.080000 0.058000 
0 0.191250 0.876000 0.077500 0.056000 
0 0.718750 0.741000 0.072500 0.046000 
0 0.695000 0.670000 0.065000 0.052000 
0 0.663750 0.700000 0.057500 0.048000 
0 0.695000 0.614000 0.070000 0.052000 
0 0.672500 0.561000 0.060000 0.050000 
0 0.641250 0.653000 0.077500 0.050000 
0 0.628750 0.602000 0.057500 0.040000 
0 0.283750 0.578000 0.057500 0.044000 
0 0.247500 0.539000 0.045000 0.046000 
0 0.220000 0.507000 0.040000 0.034000 
0 0.521250 0.531000 0.067500 0.050000 
0 0.500000 0.467000 0.085000 0.054000 
0 0.486250 0.410000 0.082500 0.060000 
0 0.930000 0.393000 0.030000 0.026000 
0 0.931250 0.366000 0.032500 0.024000 
0 0.916250 0.326000 0.037500 0.028000 
0 0.546250 0.373000 0.062500 0.054000 
0 0.537500 0.312000 0.080000 0.056000 
0 0.095000 0.615000 0.040000 0.030000 
0 0.080000 0.572000 0.045000 0.036000 
0 0.072500 0.525000 0.045000 0.042000 
0 0.061250 0.484000 0.047500 0.032000 
0 0.463750 0.334000 0.047500 0.044000 
