0 0.027000 0.480000 0.054000 0.120000 
0 0.041000 0.367500 0.082000 0.115000 
0 0.046000 0.248750 0.092000 0.127500 
0 0.142000 0.546250 0.048000 0.052500 
0 0.137000 0.471250 0.050000 0.057500 
0 0.140000 0.403750 0.060000 0.072500 
0 0.158000 0.321250 0.084000 0.117500 
0 0.157000 0.188750 0.090000 0.112500 
0 0.235000 0.332500 0.042000 0.050000 
0 0.237000 0.262500 0.046000 0.060000 
0 0.231000 0.196250 0.054000 0.062500 
0 0.657000 0.305000 0.050000 0.060000 
0 0.704000 0.201250 0.036000 0.052500 
0 0.704000 0.276250 0.036000 0.047500 
0 0.816000 0.268750 0.048000 0.047500 
0 0.820000 0.126250 0.044000 0.057500 
0 0.790000 0.095000 0.040000 0.060000 
