0 0.123000 0.317500 0.106000 0.130000 
0 0.204000 0.312500 0.092000 0.135000 
0 0.221000 0.190000 0.094000 0.110000 
0 0.726000 0.923750 0.200000 0.152500 
0 0.832000 0.761250 0.216000 0.267500 
0 0.629000 0.870000 0.206000 0.250000 
0 0.636000 0.623750 0.216000 0.257500 
0 0.600000 0.377500 0.228000 0.275000 
0 0.504000 0.510000 0.052000 0.060000 
0 0.471000 0.433750 0.066000 0.072500 
0 0.457000 0.371250 0.062000 0.072500 
0 0.480000 0.518750 0.052000 0.052500 
0 0.557000 0.205000 0.038000 0.050000 
0 0.563000 0.168750 0.042000 0.047500 
0 0.561000 0.125000 0.034000 0.045000 
0 0.559000 0.081250 0.042000 0.047500 
0 0.530000 0.148750 0.028000 0.037500 
0 0.529000 0.190000 0.038000 0.040000 
