0 0.916250 0.482000 0.167500 0.224000 
0 0.740000 0.335000 0.100000 0.078000 
0 0.730000 0.284000 0.070000 0.052000 
0 0.760000 0.408000 0.075000 0.052000 
0 0.757500 0.433000 0.045000 0.030000 
0 0.802500 0.459000 0.080000 0.066000 
0 0.968750 0.275000 0.062500 0.070000 
0 0.425000 0.773000 0.260000 0.234000 
0 0.215000 0.659000 0.240000 0.182000 
0 0.053750 0.607000 0.102500 0.078000 
0 0.062500 0.526000 0.120000 0.108000 
0 0.068750 0.392000 0.122500 0.116000 
0 0.081250 0.432000 0.082500 0.072000 
