0 0.851000 0.990000 0.046000 0.020000 
0 0.877000 0.978750 0.046000 0.042500 
0 0.854000 0.932500 0.048000 0.060000 
0 0.873000 0.910000 0.050000 0.065000 
0 0.852000 0.868750 0.052000 0.052500 
0 0.860000 0.838750 0.048000 0.047500 
0 0.955000 0.821250 0.034000 0.042500 
0 0.855000 0.760000 0.050000 0.055000 
0 0.842000 0.793750 0.044000 0.052500 
0 0.887000 0.796250 0.038000 0.057500 
0 0.898000 0.742500 0.048000 0.050000 
0 0.867000 0.698750 0.042000 0.062500 
0 0.819000 0.730000 0.046000 0.060000 
0 0.905000 0.661250 0.050000 0.052500 
0 0.897000 0.575000 0.054000 0.060000 
0 0.946000 0.620000 0.032000 0.035000 
0 0.864000 0.608750 0.044000 0.052500 
0 0.828000 0.592500 0.040000 0.045000 
0 0.820000 0.568750 0.036000 0.037500 
0 0.858000 0.530000 0.044000 0.050000 
0 0.824000 0.522500 0.044000 0.050000 
0 0.881000 0.473750 0.050000 0.062500 
0 0.823000 0.471250 0.038000 0.052500 
0 0.850000 0.433750 0.048000 0.052500 
0 0.818000 0.416250 0.040000 0.057500 
0 0.919000 0.401250 0.026000 0.032500 
0 0.914000 0.438750 0.028000 0.037500 
0 0.892000 0.386250 0.032000 0.042500 
0 0.672000 0.873750 0.056000 0.062500 
0 0.639000 0.843750 0.050000 0.057500 
