0 0.478000 0.867500 0.092000 0.100000 
0 0.499000 0.762500 0.090000 0.095000 
0 0.435000 0.782500 0.090000 0.100000 
0 0.506000 0.630000 0.092000 0.090000 
0 0.447000 0.640000 0.078000 0.100000 
0 0.496000 0.506250 0.100000 0.102500 
0 0.805000 0.843750 0.146000 0.192500 
0 0.804000 0.617500 0.168000 0.195000 
0 0.900000 0.677500 0.140000 0.185000 
0 0.803000 0.383750 0.150000 0.202500 
0 0.909000 0.465000 0.158000 0.190000 
0 0.846000 0.135000 0.176000 0.210000 
0 0.921000 0.265000 0.158000 0.195000 
0 0.921000 0.053750 0.158000 0.102500 
0 0.143000 0.310000 0.034000 0.045000 
0 0.172000 0.295000 0.032000 0.035000 
0 0.172000 0.240000 0.044000 0.045000 
0 0.147000 0.260000 0.038000 0.050000 
0 0.177000 0.191250 0.046000 0.052500 
0 0.151000 0.205000 0.038000 0.050000 
0 0.319000 0.208750 0.078000 0.092500 
0 0.260000 0.172500 0.080000 0.105000 
0 0.336000 0.117500 0.084000 0.095000 
0 0.281000 0.070000 0.082000 0.100000 
0 0.360000 0.031250 0.080000 0.057500 
0 0.120000 0.096250 0.040000 0.047500 
0 0.160000 0.070000 0.044000 0.045000 
0 0.123000 0.055000 0.038000 0.050000 
0 0.164000 0.025000 0.044000 0.045000 
0 0.127000 0.011250 0.046000 0.017500 
0 0.550000 0.175000 0.036000 0.045000 
0 0.551000 0.118750 0.042000 0.047500 
0 0.557000 0.068750 0.042000 0.057500 
0 0.601000 0.051250 0.038000 0.047500 
0 0.612000 0.011250 0.036000 0.017500 
0 0.568000 0.016250 0.040000 0.027500 
0 0.035000 0.966250 0.066000 0.067500 
