0 0.097000 0.963750 0.134000 0.072500 
0 0.082000 0.841250 0.148000 0.192500 
0 0.055000 0.678750 0.110000 0.197500 
0 0.259000 0.617500 0.074000 0.080000 
0 0.230000 0.533750 0.052000 0.072500 
0 0.305000 0.590000 0.054000 0.065000 
0 0.321000 0.386250 0.062000 0.072500 
0 0.566000 0.318750 0.052000 0.062500 
0 0.601000 0.718750 0.114000 0.127500 
0 0.608000 0.820000 0.100000 0.105000 
0 0.723000 0.737500 0.102000 0.115000 
0 0.697000 0.830000 0.090000 0.090000 
0 0.868000 0.796250 0.068000 0.082500 
0 0.833000 0.743750 0.058000 0.087500 
