0 0.958750 0.893000 0.082500 0.214000 
0 0.963750 0.685000 0.072500 0.138000 
0 0.953750 0.442000 0.092500 0.128000 
0 0.385000 0.124000 0.090000 0.068000 
0 0.347500 0.170000 0.060000 0.048000 
0 0.081250 0.032000 0.102500 0.064000 
0 0.108750 0.117000 0.107500 0.082000 
0 0.091250 0.222000 0.097500 0.068000 
0 0.062500 0.164000 0.100000 0.080000 
0 0.015000 0.058000 0.030000 0.076000 
0 0.058750 0.819000 0.117500 0.110000 
0 0.052500 0.694000 0.095000 0.068000 
0 0.043750 0.633000 0.087500 0.066000 
