0 0.011000 0.438750 0.022000 0.037500 
0 0.006000 0.482500 0.012000 0.045000 
0 0.047000 0.431250 0.022000 0.027500 
0 0.045000 0.393750 0.026000 0.027500 
0 0.046000 0.361250 0.028000 0.032500 
0 0.044000 0.326250 0.024000 0.027500 
0 0.046000 0.295000 0.024000 0.025000 
0 0.071000 0.276250 0.026000 0.027500 
0 0.071000 0.308750 0.026000 0.027500 
0 0.072000 0.345000 0.028000 0.030000 
0 0.069000 0.380000 0.026000 0.030000 
0 0.067000 0.418750 0.026000 0.032500 
0 0.185000 0.221250 0.058000 0.067500 
0 0.164000 0.307500 0.056000 0.080000 
0 0.150000 0.381250 0.048000 0.047500 
0 0.090000 0.113750 0.052000 0.052500 
0 0.059000 0.146250 0.026000 0.027500 
0 0.049000 0.172500 0.026000 0.030000 
0 0.240000 0.371250 0.024000 0.032500 
0 0.224000 0.402500 0.036000 0.035000 
0 0.176000 0.431250 0.024000 0.037500 
0 0.157000 0.470000 0.022000 0.035000 
0 0.150000 0.498750 0.016000 0.027500 
0 0.149000 0.531250 0.022000 0.027500 
0 0.178000 0.502500 0.032000 0.035000 
0 0.192000 0.470000 0.032000 0.035000 
0 0.203000 0.436250 0.030000 0.042500 
0 0.168000 0.573750 0.032000 0.037500 
0 0.159000 0.622500 0.030000 0.030000 
0 0.147000 0.676250 0.030000 0.037500 
0 0.314000 0.620000 0.052000 0.070000 
0 0.301000 0.700000 0.058000 0.065000 
0 0.282000 0.765000 0.064000 0.070000 
0 0.264000 0.832500 0.056000 0.060000 
0 0.305000 0.875000 0.046000 0.065000 
0 0.319000 0.811250 0.042000 0.057500 
0 0.380000 0.590000 0.052000 0.065000 
0 0.388000 0.668750 0.064000 0.082500 
0 0.415000 0.741250 0.150000 0.192500 
0 0.490000 0.632500 0.152000 0.185000 
0 0.460000 0.843750 0.132000 0.167500 
0 0.383000 0.938750 0.150000 0.122500 
0 0.538000 0.955000 0.044000 0.050000 
0 0.700000 0.958750 0.092000 0.082500 
0 0.728000 0.852500 0.088000 0.100000 
0 0.814000 0.943750 0.100000 0.112500 
0 0.772000 0.700000 0.092000 0.110000 
0 0.742000 0.783750 0.056000 0.062500 
0 0.853000 0.798750 0.102000 0.102500 
0 0.677000 0.666250 0.050000 0.057500 
0 0.671000 0.721250 0.050000 0.052500 
0 0.706000 0.692500 0.044000 0.055000 
0 0.688000 0.580000 0.052000 0.065000 
0 0.724000 0.613750 0.052000 0.057500 
0 0.699000 0.500000 0.058000 0.060000 
0 0.734000 0.545000 0.052000 0.055000 
0 0.738000 0.476250 0.048000 0.057500 
0 0.806000 0.587500 0.092000 0.110000 
0 0.888000 0.687500 0.100000 0.120000 
0 0.929000 0.573750 0.098000 0.117500 
0 0.485000 0.523750 0.026000 0.022500 
0 0.463000 0.537500 0.026000 0.025000 
0 0.467000 0.497500 0.030000 0.030000 
0 0.495000 0.491250 0.030000 0.027500 
0 0.483000 0.458750 0.026000 0.027500 
0 0.488000 0.430000 0.024000 0.025000 
0 0.416000 0.456250 0.024000 0.032500 
0 0.508000 0.451250 0.024000 0.027500 
0 0.517000 0.432500 0.018000 0.020000 
0 0.536000 0.451250 0.024000 0.027500 
0 0.567000 0.436250 0.038000 0.042500 
0 0.561000 0.471250 0.022000 0.022500 
0 0.569000 0.388750 0.034000 0.032500 
0 0.578000 0.360000 0.024000 0.025000 
0 0.590000 0.333750 0.024000 0.027500 
0 0.629000 0.312500 0.046000 0.055000 
0 0.641000 0.245000 0.054000 0.070000 
0 0.622000 0.378750 0.044000 0.052500 
0 0.684000 0.428750 0.044000 0.052500 
0 0.650000 0.407500 0.044000 0.050000 
