0 0.075000 0.837500 0.142000 0.165000 
0 0.226000 0.196250 0.152000 0.167500 
0 0.446000 0.200000 0.068000 0.085000 
0 0.515000 0.206250 0.066000 0.087500 
0 0.446000 0.292500 0.068000 0.085000 
0 0.510000 0.338750 0.060000 0.082500 
0 0.443000 0.385000 0.074000 0.075000 
0 0.457000 0.458750 0.062000 0.072500 
0 0.498000 0.431250 0.068000 0.082500 
0 0.551000 0.396250 0.050000 0.057500 
0 0.564000 0.363750 0.072000 0.072500 
0 0.584000 0.305000 0.068000 0.085000 
0 0.594000 0.228750 0.072000 0.072500 
0 0.930000 0.783750 0.108000 0.117500 
0 0.936000 0.838750 0.104000 0.107500 
0 0.955000 0.688750 0.090000 0.117500 
0 0.966000 0.567500 0.068000 0.120000 
