0 0.064000 0.342500 0.072000 0.090000 
0 0.079000 0.447500 0.078000 0.095000 
0 0.106000 0.541250 0.088000 0.092500 
0 0.053000 0.608750 0.078000 0.092500 
0 0.037000 0.521250 0.070000 0.107500 
0 0.047000 0.080000 0.078000 0.090000 
0 0.311000 0.640000 0.146000 0.165000 
0 0.239000 0.696250 0.122000 0.127500 
0 0.324000 0.522500 0.116000 0.125000 
0 0.298000 0.805000 0.148000 0.180000 
0 0.230000 0.840000 0.140000 0.155000 
0 0.298000 0.945000 0.144000 0.110000 
0 0.230000 0.953750 0.116000 0.092500 
0 0.013000 0.647500 0.022000 0.095000 
